=======================================================
FEATURE IMPORTANCE COMPARISON SUMMARY
Ground: stair  |  Top N: 80
=======================================================

LDA top 80 : 19 5 13 230 222 200 10 197 228 227 4 17 170 187 20 239 189 2 15 21 180 229 53 238 178 204 56 198 140 243 241 190 240 16 205 169 160 158 225 177 3 168 57 14 138 83 77 8 242 150 33 175 107 149 199 193 73 188 36 159 153 58 246 12 18 86 244 63 67 139 7 76 66 108 103 223 174 235 87 220 
SVM top 80 : 3 13 187 21 4 19 190 12 140 180 6 17 160 5 20 167 56 230 2 200 16 33 170 225 181 240 191 18 15 96 14 126 242 76 103 138 212 83 147 165 63 53 162 123 150 66 188 86 93 118 197 43 246 148 73 36 159 192 177 175 145 98 239 116 50 129 202 23 128 106 46 235 222 141 168 78 157 84 113 205 
RF  top 80 : 157 191 188 6 19 167 14 190 209 13 143 3 18 249 196 218 11 9 254 171 158 233 148 103 147 179 152 26 208 223 207 217 5 159 150 161 222 201 96 140 245 255 114 142 20 97 4 251 225 250 53 210 202 192 113 232 87 247 226 137 215 16 256 141 2 133 221 93 185 248 203 156 56 151 15 174 33 25 64 235 
DBN top 80 : 19 5 13 157 244 200 14 20 197 234 205 153 158 173 187 169 16 246 2 189 4 109 249 178 3 8 148 7 225 222 155 183 139 108 12 144 180 199 177 188 21 140 218 25 233 209 10 170 242 235 168 204 138 164 210 59 175 57 15 243 145 174 84 149 219 223 240 224 86 76 73 107 193 77 83 220 78 237 239 

Overlap matrix (shared features in top 80):

         LDA    SVM     RF    DBN
LDA       80     49     27     57  
SVM       49     80     35     40  
RF        27     35     80     26  
DBN       57     40     26     79  

Pairwise overlap:
  LDA vs SVM : 49/80  (61.2%)
  LDA vs RF : 27/80  (33.8%)
  LDA vs DBN : 57/80  (71.2%)
  SVM vs RF : 35/80  (43.8%)
  SVM vs DBN : 40/80  (50.0%)
  RF vs DBN : 26/80  (32.5%)

Features in ALL 4 models: 15
DBN-unique features      : 11
Linear-only features     : 6
