=======================================================
FEATURE IMPORTANCE COMPARISON SUMMARY
Ground: ramp  |  Top N: 80
=======================================================

LDA top 80 : 187 19 189 230 13 240 238 17 227 222 5 239 200 228 197 20 170 229 243 159 3 10 149 138 33 178 205 150 190 241 21 175 140 242 160 204 36 180 225 15 168 198 235 220 199 107 183 174 193 53 153 169 237 158 210 177 234 2 209 56 16 246 172 4 173 223 233 214 25 73 57 127 219 179 93 244 218 43 145 58 
SVM top 80 : 19 13 187 140 17 160 200 167 190 240 3 21 53 16 150 4 6 8 56 46 2 138 235 18 20 159 191 175 188 43 180 5 139 15 157 238 242 73 168 36 63 230 33 205 165 222 177 93 158 128 86 110 12 58 83 210 197 170 239 145 147 118 126 75 76 116 179 96 204 66 107 106 78 11 129 111 14 182 28 34 
RF  top 80 : 136 191 206 96 20 23 16 8 2 235 126 6 137 9 25 113 219 3 158 255 54 157 177 24 143 14 11 19 4 207 256 221 171 22 18 251 144 218 151 179 141 116 162 172 142 87 161 181 184 212 254 227 249 147 86 202 12 98 215 174 248 188 152 134 186 114 160 253 155 231 205 192 166 214 44 190 53 211 125 232 
DBN top 80 : 187 240 239 227 67 159 233 5 228 230 3 14 248 217 250 73 158 170 107 242 222 197 255 204 244 147 180 15 143 13 219 168 237 149 109 246 160 205 169 138 220 23 10 153 155 249 189 140 203 218 173 214 178 198 148 164 25 254 174 108 195 183 139 235 175 144 229 172 190 177 

Overlap matrix (shared features in top 80):

         LDA    SVM     RF    DBN
LDA       80     47     21     50  
SVM       47     80     28     30  
RF        21     28     80     24  
DBN       50     30     24     70  

Pairwise overlap:
  LDA vs SVM : 47/80  (58.8%)
  LDA vs RF : 21/80  (26.2%)
  LDA vs DBN : 50/80  (62.5%)
  SVM vs RF : 28/80  (35.0%)
  SVM vs DBN : 30/80  (37.5%)
  RF vs DBN : 24/80  (30.0%)

Features in ALL 4 models: 7
DBN-unique features      : 9
Linear-only features     : 13
