=======================================================
FEATURE IMPORTANCE COMPARISON SUMMARY
Ground: levelground  |  Top N: 80
=======================================================

LDA top 80 : 187 5 189 159 12 3 10 13 37 225 160 220 170 185 205 242 210 163 15 149 230 150 158 20 140 240 184 19 138 200 155 175 38 165 215 204 223 255 180 222 195 178 190 154 245 198 25 250 218 168 224 208 145 219 214 209 24 107 213 174 9 228 253 203 144 235 248 40 212 193 182 39 194 183 16 199 148 14 179 162 
SVM top 80 : 242 187 237 19 3 232 241 145 160 167 239 18 179 195 191 36 159 188 190 5 212 155 15 157 33 20 192 228 117 13 66 43 106 143 126 150 227 175 21 215 200 57 123 255 230 225 180 24 240 165 202 205 17 197 162 46 247 58 234 63 34 116 194 140 235 222 73 189 48 253 10 8 125 118 178 77 250 87 45 168 
RF  top 80 : 242 21 246 244 186 243 232 152 17 19 217 24 196 126 234 6 191 14 202 193 133 187 192 16 226 113 195 208 103 23 104 3 11 33 5 36 57 148 139 199 173 167 1 2 26 53 137 201 46 184 236 247 209 66 74 95 147 7 176 96 4 143 140 145 44 115 206 233 9 181 116 235 221 249 64 238 79 231 157 211 
DBN top 80 : 3 12 33 155 187 245 37 5 19 180 185 255 189 149 230 175 145 254 39 169 164 213 107 194 163 198 229 205 18 223 139 25 36 40 127 190 210 28 158 13 15 150 250 20 144 239 218 209 

Overlap matrix (shared features in top 80):

         LDA    SVM     RF    DBN
LDA       80     40     19     37  
SVM       40     80     28     23  
RF        19     28     80      9  
DBN       37     23      9     48  

Pairwise overlap:
  LDA vs SVM : 40/80  (50.0%)
  LDA vs RF : 19/80  (23.8%)
  LDA vs DBN : 37/80  (46.2%)
  SVM vs RF : 28/80  (35.0%)
  SVM vs DBN : 23/80  (28.8%)
  RF vs DBN : 9/80  (11.2%)

Features in ALL 4 models: 5
DBN-unique features      : 6
Linear-only features     : 16
